# frame times for dvs_video.avi
# frame# time(s)
0	  0.015926
1	  0.025926
2	  0.035926
3	  0.045926
4	  0.055926
5	  0.065926
6	  0.075926
7	  0.085926
8	  0.095926
9	  0.105926
10	  0.115926
11	  0.125926
12	  0.135926
13	  0.145926
14	  0.155926
15	  0.165926
16	  0.175926
17	  0.185926
18	  0.195926
19	  0.205926
20	  0.215926
21	  0.225926
22	  0.235926
23	  0.245926
24	  0.255926
25	  0.265926
26	  0.275926
27	  0.285926
28	  0.295926
29	  0.305926
30	  0.315926
31	  0.325926
32	  0.335926
33	  0.345926
34	  0.355926
35	  0.365926
36	  0.375926
37	  0.385926
38	  0.395926
39	  0.405926
40	  0.415926
41	  0.425926
42	  0.435926
43	  0.445926
44	  0.455926
45	  0.465926
46	  0.475926
47	  0.485926
48	  0.495926
49	  0.505926
50	  0.515926
51	  0.525926
52	  0.535926
53	  0.545926
54	  0.555926
55	  0.565926
56	  0.575926
57	  0.585926
58	  0.595926
59	  0.605926
60	  0.615926
61	  0.625926
62	  0.635926
63	  0.645926
64	  0.655926
65	  0.665926
66	  0.675926
67	  0.685926
68	  0.695926
69	  0.705926
70	  0.715926
71	  0.725926
72	  0.735925
73	  0.745925
74	  0.755925
75	  0.765925
76	  0.775925
77	  0.785925
78	  0.795925
79	  0.805925
80	  0.815925
81	  0.825925
82	  0.835925
83	  0.845925
84	  0.855925
85	  0.865925
86	  0.875925
87	  0.885925
88	  0.895925
89	  0.905925
90	  0.915925
91	  0.925925
92	  0.935925
93	  0.945925
94	  0.955925
95	  0.965925
96	  0.975925
97	  0.985925
98	  0.995925
99	  1.005925
100	  1.015925
101	  1.025925
102	  1.035925
103	  1.045925
104	  1.055925
105	  1.065925
106	  1.075925
107	  1.085925
108	  1.095925
109	  1.105925
110	  1.115925
111	  1.125925
112	  1.135925
113	  1.145925
114	  1.155925
115	  1.165925
116	  1.175925
117	  1.185925
118	  1.195925
119	  1.205925
120	  1.215925
121	  1.225925
122	  1.235925
123	  1.245925
124	  1.255925
125	  1.265925
126	  1.275925
127	  1.285925
128	  1.295925
129	  1.305925
130	  1.315925
131	  1.325925
132	  1.335925
133	  1.345925
134	  1.355925
135	  1.365925
136	  1.375925
137	  1.385925
138	  1.395925
139	  1.405925
140	  1.415925
141	  1.425925
142	  1.435925
143	  1.445925
144	  1.455925
145	  1.465925
146	  1.475925
147	  1.485925
148	  1.495925
149	  1.505925
150	  1.515925
151	  1.525925
152	  1.535925
153	  1.545925
154	  1.555925
155	  1.565925
156	  1.575925
157	  1.585925
158	  1.595925
159	  1.605925
160	  1.615925
161	  1.625925
162	  1.635925
163	  1.645925
164	  1.655925
165	  1.665925
166	  1.675925
167	  1.685925
168	  1.695925
169	  1.705925
170	  1.715925
171	  1.725925
172	  1.735925
173	  1.745925
174	  1.755925
175	  1.765925
176	  1.775925
177	  1.785925
178	  1.795925
179	  1.805925
180	  1.815925
181	  1.825925
182	  1.835925
183	  1.845924
184	  1.855924
185	  1.865924
186	  1.875924
187	  1.885924
188	  1.895924
189	  1.905924
190	  1.915924
191	  1.925924
192	  1.935924
193	  1.945924
194	  1.955924
195	  1.965924
196	  1.975924
197	  1.985924
198	  1.995924
199	  2.005924
200	  2.015924
201	  2.025924
202	  2.035924
203	  2.045924
204	  2.055924
205	  2.065924
206	  2.075924
207	  2.085924
208	  2.095924
209	  2.105924
210	  2.115924
211	  2.125924
212	  2.135924
213	  2.145924
214	  2.155924
215	  2.165924
216	  2.175924
217	  2.185924
218	  2.195924
219	  2.205924
220	  2.215924
221	  2.225924
222	  2.235924
223	  2.245924
224	  2.255924
225	  2.265924
226	  2.275924
227	  2.285924
228	  2.295924
229	  2.305924
230	  2.315924
231	  2.325924
232	  2.335924
233	  2.345924
234	  2.355924
235	  2.365924
236	  2.375924
237	  2.385924
238	  2.395924
239	  2.405924
240	  2.415924
241	  2.425924
242	  2.435924
243	  2.445924
244	  2.455924
245	  2.465924
246	  2.475924
247	  2.485924
248	  2.495924
249	  2.505924
250	  2.515924
251	  2.525924
252	  2.535924
253	  2.545924
254	  2.555924
255	  2.565924
256	  2.575924
257	  2.585924
258	  2.595924
259	  2.605924
260	  2.615924
261	  2.625924
262	  2.635924
263	  2.645924
264	  2.655924
265	  2.665924
266	  2.675924
267	  2.685924
268	  2.695924
269	  2.705924
270	  2.715924
271	  2.725924
272	  2.735924
273	  2.745924
274	  2.755924
275	  2.765924
276	  2.775924
277	  2.785924
278	  2.795924
279	  2.805924
280	  2.815924
281	  2.825924
282	  2.835924
283	  2.845924
284	  2.855924
285	  2.865924
286	  2.875924
287	  2.885924
288	  2.895924
289	  2.905924
290	  2.915924
291	  2.925924
292	  2.935924
293	  2.945924
294	  2.955924
295	  2.965924
296	  2.975924
297	  2.985924
298	  2.995924
299	  3.005924
300	  3.015924
301	  3.025923
302	  3.035923
303	  3.045923
304	  3.055923
305	  3.065923
306	  3.075923
307	  3.085923
308	  3.095923
309	  3.105923
310	  3.115923
311	  3.125923
312	  3.135923
313	  3.145923
314	  3.155923
315	  3.165923
316	  3.175923
317	  3.185923
318	  3.195923
319	  3.205923
320	  3.215923
321	  3.225923
322	  3.235923
323	  3.245923
324	  3.255923
325	  3.265923
326	  3.275923
327	  3.285923
328	  3.295923
329	  3.305923
330	  3.315923
331	  3.325923
332	  3.335923
333	  3.345923
334	  3.355923
335	  3.365923
336	  3.375923
337	  3.385923
338	  3.395923
339	  3.405923
340	  3.415923
341	  3.425923
342	  3.435923
343	  3.445923
344	  3.455923
345	  3.465923
346	  3.475923
347	  3.485923
348	  3.495923
349	  3.505923
350	  3.515923
351	  3.525923
352	  3.535923
353	  3.545923
354	  3.555923
355	  3.565923
356	  3.575923
357	  3.585923
358	  3.595923
359	  3.605923
360	  3.615923
361	  3.625923
362	  3.635923
363	  3.645923
364	  3.655923
365	  3.665923
366	  3.675923
367	  3.685923
368	  3.695923
369	  3.705923
370	  3.715923
371	  3.725923
372	  3.735923
373	  3.745923
374	  3.755923
375	  3.765923
376	  3.775923
377	  3.785923
378	  3.795923
379	  3.805923
380	  3.815923
381	  3.825923
382	  3.835923
383	  3.845923
384	  3.855923
385	  3.865923
386	  3.875923
387	  3.885923
388	  3.895923
389	  3.905923
390	  3.915923
391	  3.925923
392	  3.935923
393	  3.945923
394	  3.955923
395	  3.965923
396	  3.975923
397	  3.985923
398	  3.995923
399	  4.005923
400	  4.015923
401	  4.025923
402	  4.035923
403	  4.045924
404	  4.055924
405	  4.065924
406	  4.075924
407	  4.085925
408	  4.095925
409	  4.105925
410	  4.115925
411	  4.125926
412	  4.135926
413	  4.145926
414	  4.155926
415	  4.165926
416	  4.175927
417	  4.185927
418	  4.195927
